0 0 0 0 0 0 0 0 0 0 0 0 0 0 0 0 0 0 0 0 0 0 0 0 
0 0.596766 0.000811944 0 0 0.000206782 0.000205451 0 0.000214326 0 0.000370331 0.000252137 0.000160571 0.000639846 0.000154752 0 7.91536e-06 0 0.00313944 0.000793448 9.67399e-05 0 0 0 
0 0.000811944 0.707594 0 0.0054915 0.00134996 5.46729e-05 0 0.125265 0 0.0372298 0.0402488 0.0182369 0.00912361 0.0146149 0 0.00131623 0.00376953 6.22747e-05 0.00272967 0 0.00154344 3.45481e-05 0 
0 0 0 0.0084172 0 0 0 0 0.00201671 0 2.10135e-05 0.00119413 0 0.0195709 0 0 0 0 0 0 0 0 0 0 
0 0 0.0054915 0 0.172725 0 0 0 0.00452267 0 0.00249176 0.00303479 0.00304562 0 0.00114891 0 0 0.0312533 0.00641479 0 0 0 0 0 
0 0.000206782 0.00134996 0 0 0.839355 0 0 0.0129706 0 0.00210465 0.00443643 0 0 0 0 0 0 0 0 1.0409e-05 0 0 0 
0 0.000205451 5.46729e-05 0 0 0 0.875635 0 0.00975156 0 0.0038116 0.000301357 0.000989952 0 0.00352743 0 0 3.50955e-05 0 0 3.44725e-05 0 0 0 
0 0 0 0 0 0 0 0.0466057 0.00226086 0 4.64586e-06 0.00104202 0 0.0394276 0 0 0 0 0 0.00676504 0 0 0 0 
0 0.000214326 0.125265 0.00201671 0.00452267 0.0129706 0.00975156 0.00226086 0.551125 0 0.067983 0.010288 0.00969141 0.00155636 0.00599544 1.65091e-06 0.0387979 0.00271438 1.7133e-06 0.0123215 2.58445e-06 0.00187629 0.00459031 0 
0 0 0 0 0 0 0 0 0 0 0 0 0 0 0 0 0 0 0 0 0 0 0 0 
0 0.000370331 0.0372298 2.10135e-05 0.00249176 0.00210465 0.0038116 4.64586e-06 0.067983 0 0.0992394 0.0520457 0.0576837 0.0104112 0.0255629 5.91297e-05 0.00496628 0.00213443 0 0.00971682 0 0.000288527 0.00173757 0 
0 0.000252137 0.0402488 0.00119413 0.00303479 0.00443643 0.000301357 0.00104202 0.010288 0 0.0520457 0.935711 0.0227485 0.00169912 0.0382098 0.0006108 0.00356928 0.00237217 0.000376453 0.0120357 0 0.00015887 0.0006261 0 
0 0.000160571 0.0182369 0 0.00304562 0 0.000989952 0 0.00969141 0 0.0576837 0.0227485 0.454613 0.00398248 0.0927762 0.00209906 0.00192879 0.0117588 0.000339355 0.0106075 0 0.000235944 0.00042422 0 
0 0.000639846 0.00912361 0.0195709 0 0 0 0.0394276 0.00155636 0 0.0104112 0.00169912 0.00398248 0.657731 0.00740351 0 1.98772e-05 0.00708941 0 0.0146218 0 0 0 0 
0 0.000154752 0.0146149 0 0.00114891 0 0.00352743 0 0.00599544 0 0.0255629 0.0382098 0.0927762 0.00740351 0.898706 0.00243062 0.108804 0.00342263 9.52547e-05 0.00513489 0 0 0.000601255 0 
0 0 0 0 0 0 0 0 1.65091e-06 0 5.91297e-05 0.0006108 0.00209906 0 0.00243062 0.0982397 0.0164644 0 0 0 0 0 0 0 
0 7.91536e-06 0.00131623 0 0 0 0 0 0.0387979 0 0.00496628 0.00356928 0.00192879 1.98772e-05 0.108804 0.0164644 0.540981 0.0163865 0.000607836 0.00132301 0 0.000245273 0 0 
0 0 0.00376953 0 0.0312533 0 3.50955e-05 0 0.00271438 0 0.00213443 0.00237217 0.0117588 0.00708941 0.00342263 0 0.0163865 0.204566 0.0107655 3.54189e-06 0 0 0 0 
0 0.00313944 6.22747e-05 0 0.00641479 0 0 0 1.7133e-06 0 0 0.000376453 0.000339355 0 9.52547e-05 0 0.000607836 0.0107655 0.346406 0 0 0 0 0 
0 0.000793448 0.00272967 0 0 0 0 0.00676504 0.0123215 0 0.00971682 0.0120357 0.0106075 0.0146218 0.00513489 0 0.00132301 3.54189e-06 0 0.339052 0 0 0.00944571 0 
0 9.67399e-05 0 0 0 1.0409e-05 3.44725e-05 0 2.58445e-06 0 0 0 0 0 0 0 0 0 0 0 0.125 0 0 0 
0 0 0.00154344 0 0 0 0 0 0.00187629 0 0.000288527 0.00015887 0.000235944 0 0 0 0.000245273 0 0 0 0 0.17149 0 0 
0 0 3.45481e-05 0 0 0 0 0 0.00459031 0 0.00173757 0.0006261 0.00042422 0 0.000601255 0 0 0 0 0.00944571 0 0 0.159191 0 
0 0 0 0 0 0 0 0 0 0 0 0 0 0 0 0 0 0 0 0 0 0 0 0 
